-3493352
-3202740
-2170469
-1655777
-535585
-410350
-349587
-197844
-163593
-61049
25077489
25077493
25077503
25077523
27760423
27760424
27760425
27760427
27760428
27760431
27760432
27760537
27760538
27760540
27760541
27760542
27760624
27760625
27768192
27790370
27790387
29092023
29092024
29092025
29092026
29092027
29092028
29092032
29092033
29092034
29092036
29092037
29092042
29092051
29092061
29092062
29092063
29092065
29092066
29092068
29092069
29092070
29092072
29092073
29092076
29092077
29092081
29092117
29092118
29092126
29092127
29092128
29092129
29093467
29093470
29093471
29093472
29093473
29093474
29093475
29093479
29093529
29093535
29093536
29093537
29096338
29096340
29096341
29096342
29096343
29096344
29096345
29096347
29265400
29265401
29265403
29265410
29265412
29269530
29269531
29269532
29269534
29269536
29269537
29269542
29269545
29269546
29269547
29269549
29269550
29269551
29269552
29269553
29269554
29269555
29269556
29269557
29269560
29269561
29269562
29269563
29269564
29269565
29269566
29269568
29269773
29269774
29269775
29269776
29269777
29269778
29269787
29269788
29269789
29269790
29269791
29269792
29269793
29269794
29269796
29269797
29269798
29269800
29269801
29269802
29269803
29269804
29269805
29277431
29277432
29277433
29277434
29277435
29277438
29277447
29277448
29277451
29277452
29277453
29277454
29277455
29277456
29277500
29277501
29277503
29277504
29277505
29277506
29277507
29277508
29277509
29277510
29277511
29277512
29277514
29277515
29277516
29277517
29277518
29277519
29277520
29277522
29277523
29277528
29277530
29277534
29277536
29277538
29277540
29277542
29277562
29277563
29277564
29277565
29277566
29277567
29277568
29277569
29277570
29277577
29277592
29277593
29277594
29277595
29277596
29277598
29277599
29277611
35574559
35766549
35766551
35766552
35766553
35766554
35766555
35766569
35766571
35766578
35766579
35766580
35766581
35766582
35766583
35766584
35766586
35766587
35766588
35766589
35766590
35766591
35766592
35766599
35766600
35766601
35766602
35766603
35766609
35766610
35766611
35766612
35766613
35766614
35766615
35766617
35766618
35766619
35766620
35766621
35766622
35766623
35766624
35766625
35766626
35766627
35766628
35766629
35766630
35766632
35766633
35766634
35766636
35766637
35766639
35766640
35766653
35768011
35816406
36454156
36454157
36454158
36454159
36515087
36515088
36515089
36515103
36515104
36515105
36938480
36938481
36938482
36938483
36938484
36938488
36938489
36938490
36938491
36938492
36938493
36938494
36938495
36938496
36938498
36938499
36938501
36938502
36938503
36938504
36938507
36938509
36938510
36938512
36938514
36938528
36938947
36941145
36941146
36941147
36941148
36941149
36941150
36941151
36941152
36941153
36941154
37845373
37845374
37845375
38866808
38866809
38866810
38866811
38866813
38866814
38866815
38866816
38866817
38866818
38866819
38866820
38866851
38866856
39021080
39021085
39021086
39129699
39129709
39129711
39129712
39129713
39129714
39129715
39129716
39129717
39129718
39129719
39129720
39129721
39129722
39129723
39129724
39129725
39129726
39129727
39129728
39129729
39129730
39129731
39129732
39129733
39129734
39129735
39180546
39180555
40008884
40008887
40008890
40008891
40008892
40008898
40008902
40008905
40008914
40008915
40008916
40008917
40008920
40008921
40008923
40008924
40008925
40008927
40008943
40008947
40008958
40008959
40008960
40008961
40008962
40008963
40008964
40008965
40008966
40008967
40008968
40008970
40008971
40008973
40008977
40008985
40008987
40008994
40008995
40009418
40009422
40009425
40009427
40009445
40009451
40020461
40057019
41183727
41183728
41183750
41183751
41183752
41183753
41183754
41183755
41183756
41183757
41183758
42345169
45117211
45117214
45117215
45117216
45418158
45418159
45734401
45734683
45734685
45734686
45734979
45735139
45735140
45735142
45735143
45738915
45739429
45739430
45739431
45825007
46995293
46995294
48068564
48068565
48135522
48416112
48579692
48579694
48638330
48800917
48800918
49898172
49898174
49898176
49898177
49898178
49898180
49898181
49898182
49906472
49906473
49906474
50261719
50261732
50261792
50261801
50261806
50261826
50261855
50261868
50261905
50262165
50262187
50262211
50638796
50638798
50638801
50638881
51125257
51277326
51277360
51340598
51340599
51340602
51340603
51340605
51341030
51341031
51341032
51341033
51341034
51341035
51706717
51706718
51706719
53360122
53794175
53794177
53794179
53794180
53794183
53794184
53794185
53795514
53795515
53795516
53795517
53795518
53795519
55282774
55388091
55388092
55388093
56044078
56044088
74489479
76439932
76439935
76439937
76439939
76615408
76615410
76739013
76739018
76739021
76739022
76739039
76739043
76739045
76739048
76739049
76739053
76739055
76739059
76739062
76739065
76739066
76739067
76739074
76739076
76739080
76739086
76830533
77034914
81396312
81396314
81396315
81396316
81396317
81748473
81748479
81748489
82304677
82304679
82304683
82304685
82304689
82304692
82304698
82304700
82306250
82306251
83034604
83034609
83034612
83034624
83034628
83034632
83034651
83464632
83464634
83464635
83464636
86286336
86286337
86286338
86286339
86286340
86306204
86306205
86306206
87035889
87035893
87035909
87507521
87507522
87507524
87507525
92193380
92838437
95692120
95692433
98870181
98870184
98870185
98870186
98870187
99269894
99619234
99619650
99620942
109103005
116299186
116299193
116299196
116299202
116299208
116299209
116299213
120797412
127550219
127550220
130109176
131308671
131308674
131308684
131308687
131308689
131309879
131309880
131309882
132295311
139070691
140050057
142304188
145515174
154286381
154286384
154286387
154326118
154326120
154326124
154326136
154326146
154326155
154326157
154326162
154326197
154326274
163552192
163552193
167171179
167773719
167773720
173488826
173488833
173488836
178705652
178705653
178705654
192888577
192888579
193166895
193166896
193166897
202521219
202521220
202521221
202593656
215631087
219403908
221009732
221009735
221009737
221017441
221017442
221017446
221017448
221019076
221106389
221106390
221106391
221106392
221106393
221106394
221106395
221106396
221106397
221106398
221251556
221256078
221256079
221629819
222343515
222343535
222347389
222347392
222347405
222347406
223889229
236557891
236557893
237724770
237724771
237724772
237724773
237724774
237724775
237724776
238155794
239152833
240365347
260246276
260332668
260332669
260332671
260332673
260332677
260332679
260332682
260332684
261750289
263139691
263139692
263264924
263264931
263264932
263264938
269181821
269181823
269181825
269181828
269233444
269233445
269233446
269233447
269233448
269233449
269233450
269233451
269587767
269593767
269593769
269795190
271796134
271796135
271796136
271796137
271796138
271796139
273307087
274360089
274909407
277723880
277723884
282076415
283214543
283214548
283730800
283730803
283730804
284643288
284643294
284643295
284643296
284643302
284650751
286004363
291913659
293733142
294432504
294432505
294432506
294432507
294432508
294432509
294432510
294432511
294432512
294432513
294432514
294432515
294432516
294432517
294432518
294432519
294432520
294432521
294432522
294432523
294432524
294432525
294432526
294432528
294432529
294432530
294432531
294432532
294432533
294432534
294432535
294432536
294432537
294432538
294432539
294432540
294432541
294583112
294583113
294583114
294583115
294583116
294583117
294583118
294583119
294583120
294583121
294583122
294583123
294583124
294583125
294583126
294583127
294583128
294583129
294583130
294583131
294583132
294583133
294636281
300691610
305422682
305422691
312756017
319176401
333595187
333601633
333853035
333992396
333992399
333992400
334025373
334335522
334894992
334894993
335073903
335073904
335073905
335073906
335073909
335077437
335195461
335195465
335195466
335598254
335598255
335991492
336271265
336891820
336967094
337414274
337414275
340483767
340483769
344738490
345025067
346763296
346827370
346827374
346827377
353315228
356036362
359439511
361246090
361246097
364590268
365340213
365340214
